Loss: 123.92262268066406
sparse_categorical_accuracy: 0.9144999980926514
training time: 1233.8728783130646
scaling_factor_ll: [0.161578859601702, 0.16127807753426687, 0.16358767236982072, 0.11250636407307216]