Loss: 0.5264683961868286
sparse_categorical_accuracy: 0.8529000282287598
training time: 414.66793966293335
scaling_factor_ll: [0.04155489321677915, 0.025235520255181096, 0.025743184551115957, 0.016168757792442076, 0.030827618414355863, 0.02760047105050856]