Loss: 0.14002154767513275
sparse_categorical_accuracy: 0.9674999713897705
training time: 559.482950925827
scaling_factor_ll: [0.001399035206512929, 0.0010810886343864546, 0.0012197180736788099, 0.0012047042352112771, 0.0012441670591350638, 0.001349092929563877]