Loss: 7.618145942687988
sparse_categorical_accuracy: 0.8859000205993652
training time: 486.8175890445709
scaling_factor_ll: [0.19811153411865234, 0.1872608491352626, 0.18118172032492502, 0.12946708713259017]