Loss: 1.3242475986480713
sparse_categorical_accuracy: 0.7551000118255615
training time: 390.7668242454529
scaling_factor_ll: [0.31783182280404226, 0.173471314566476, 0.06444426093782697, 0.11591023206710815]