Loss: 0.2750694453716278
sparse_categorical_accuracy: 0.9199000000953674
training time: 392.3331124782562
scaling_factor_ll: [0.002150680454276546, 0.0016550558187257054, 0.0017510917322043104, 0.002218164343190053]