Loss: 10.415939331054688
sparse_categorical_accuracy: 0.9672999978065491
training time: 1230.0201354026794
scaling_factor_ll: [0.01923211928336851, 0.01922797772192186, 0.018593936197219357, 0.019025696862128474, 0.01851734422868298, 0.016087690668721354]