Loss: 0.9111543893814087
sparse_categorical_accuracy: 0.9781000018119812
training time: 1179.3346190452576
scaling_factor_ll: [0.003911828666221438, 0.0038882770876246175, 0.003997757678895484, 0.0033840757655346485]