Loss: 0.14828337728977203
sparse_categorical_accuracy: 0.9739000201225281
training time: 541.7674264907837
scaling_factor_ll: [0.005332464777578519, 0.005233301891116645, 0.005021390013807402, 0.0057197687194103335]