Loss: 0.14880067110061646
sparse_categorical_accuracy: 0.9735999703407288
training time: 538.1149487495422
scaling_factor_ll: [0.0013765725370955793, 0.0013126258514165412, 0.0013442844327415271, 0.0014406967536343988]