Loss: 0.3288310170173645
sparse_categorical_accuracy: 0.909600019454956
training time: 425.6766948699951
scaling_factor_ll: [0.0020499189772484588, 0.0018886317245647632, 0.0017377475236493314, 0.0012697436338301507, 0.001460104539203084, 0.0018192263731984476]