Loss: 2.1066131591796875
sparse_categorical_accuracy: 0.8604999780654907
training time: 407.0524332523346
scaling_factor_ll: [0.17954868929726736, 0.11160693849836077, 0.23249035222189768, 0.07462767192295619]