Loss: 2576.109375
sparse_categorical_accuracy: 0.8761000037193298
training time: 1268.1255795955658
scaling_factor_ll: [0.16478766713823592, 0.16413554123469762, 0.1576435055051531, 0.16161172730582102, 0.162109375, 0.11009545837129865]