Loss: 5.5480852127075195
sparse_categorical_accuracy: 0.8611999750137329
training time: 534.417872428894
scaling_factor_ll: [0.19445056574685232, 0.13963588646480016, 0.14685402597699845, 0.08225110598972865]