Loss: 0.25568655133247375
sparse_categorical_accuracy: 0.9534000158309937
training time: 486.3555271625519
scaling_factor_ll: [0.027289525155098207, 0.024453534233954646, 0.020438734562166275, 0.022950514670341246]