Loss: 8.768922805786133
sparse_categorical_accuracy: 0.9758999943733215
training time: 1690.6083245277405
scaling_factor_ll: [0.003979443095800445, 0.0038496643070160875, 0.003852078295129491, 0.003955923196837658, 0.003921313313987311, 0.0033542044519439458]