Loss: 1.9147955179214478
sparse_categorical_accuracy: 0.9724000096321106
training time: 1238.7702476978302
scaling_factor_ll: [0.0009800762579632366, 0.0009713273225698452, 0.0009555807902155091, 0.0009942760439534944, 0.0009591481457017873, 0.0008049384488518224]