Loss: 0.12514735758304596
sparse_categorical_accuracy: 0.9635000228881836
training time: 422.6334898471832
scaling_factor_ll: [0.0072136460326787995, 0.0063154185850789225, 0.006231607414606049, 0.0063155528128616455]