Loss: 0.39896026253700256
sparse_categorical_accuracy: 0.8863000273704529
training time: 394.2271375656128
scaling_factor_ll: [0.04619100786024524, 0.016714421010786486, 0.02659847274903328, 0.03277637497071297]