Loss: 0.12234336882829666
sparse_categorical_accuracy: 0.9692000150680542
training time: 490.85019636154175
scaling_factor_ll: [0.0015391731915408617, 0.0013363037090712098, 0.0015524551126588346, 0.0017496661197416003]