Loss: 0.2124083936214447
sparse_categorical_accuracy: 0.9678000211715698
training time: 602.66845870018
scaling_factor_ll: [0.004740660584817721, 0.00432748024857889, 0.004120471439962312, 0.004350445871278057, 0.004583616894999827, 0.00561005440283948]