Loss: 0.5809662342071533
sparse_categorical_accuracy: 0.947700023651123
training time: 612.7868695259094
scaling_factor_ll: [0.020071423822833646, 0.019911829502351822, 0.02074542353230138, 0.021862843344288486, 0.019842126677113194, 0.016919914753206314]