Loss: 0.12658964097499847
sparse_categorical_accuracy: 0.9628999829292297
training time: 457.4723300933838
scaling_factor_ll: [0.0017971013856727315, 0.0011748735685404499, 0.0013867253893275551, 0.0011943402588950678, 0.0014103969482526387, 0.0054567266117103415]