Loss: 0.11416662484407425
sparse_categorical_accuracy: 0.970300018787384
training time: 491.8963816165924
scaling_factor_ll: [0.006044728080118735, 0.00549324525622871, 0.005219351118943822, 0.00599932764458844]