Loss: 0.2774210572242737
sparse_categorical_accuracy: 0.9333000183105469
training time: 441.6592757701874
scaling_factor_ll: [0.034922834365598614, 0.01602929061458957, 0.022307176743784258, 0.01947653485882667, 0.02120992829722743, 0.049837127808601625]