Loss: 43.056549072265625
sparse_categorical_accuracy: 0.9751999974250793
training time: 1585.5291368961334
scaling_factor_ll: [0.01799408851131316, 0.018451846414996732, 0.019522615017429475, 0.018282415405396494, 0.018808957069150863, 0.015683126065038865]