Loss: 0.31485769152641296
sparse_categorical_accuracy: 0.9107000231742859
training time: 411.67596650123596
scaling_factor_ll: [0.009233342380974237, 0.005518305958725336, 0.00671486263200054, 0.0054805015954445665, 0.006613061653347466, 0.008536511518823819]