Loss: 6.793526649475098
sparse_categorical_accuracy: 0.8449000120162964
training time: 547.2619814872742
scaling_factor_ll: [0.1767521415437971, 0.16853330816541398, 0.06990210073334831, 0.09978669881820679, 0.12339258193969727, 0.06501303400312151]