Loss: 2.4099791049957275
sparse_categorical_accuracy: 0.9713000059127808
training time: 1183.490061044693
scaling_factor_ll: [0.018488635939936483, 0.01880534041312433, 0.018576604704703053, 0.015820022552244125]