Loss: 229.23300170898438
sparse_categorical_accuracy: 0.8180999755859375
training time: 606.3158526420593
scaling_factor_ll: [0.21044182777404785, 0.1852280752999442, 0.15733420848846436, 0.1873558759689331, 0.16351773057665145, 0.17169368267059326]