Loss: 57.27781295776367
sparse_categorical_accuracy: 0.8808000087738037
training time: 990.6897716522217
scaling_factor_ll: [0.16211785588945662, 0.1707019465310233, 0.16763058730534144, 0.11527164493288312]