Loss: 0.22965185344219208
sparse_categorical_accuracy: 0.9409999847412109
training time: 409.1737222671509
scaling_factor_ll: [0.0331837861768661, 0.0248020060600773, 0.018787316737636443, 0.019396172415825627]