Loss: 0.15475554764270782
sparse_categorical_accuracy: 0.9674000144004822
training time: 568.1790585517883
scaling_factor_ll: [0.006111065703114186, 0.0046553104881226545, 0.004703904230763593, 0.004847609152005414, 0.0051608691065330205, 0.005703264803398313]