Loss: 25.744495391845703
sparse_categorical_accuracy: 0.492000013589859
training time: 413.65071415901184
scaling_factor_ll: [0.2941507952553885, 0.22682910306113108, 0.06641292572021484, 0.20449864864349365, 0.28228274413517546, 0.2806783403669085]