Loss: 0.3458371162414551
sparse_categorical_accuracy: 0.9480000138282776
training time: 560.3546991348267
scaling_factor_ll: [0.025329541775488084, 0.018688828714432254, 0.025337132715409803, 0.022507952105614445, 0.022712521014675018, 0.014487700116249823]