Loss: 2.312061309814453
sparse_categorical_accuracy: 0.9677000045776367
training time: 1223.5727679729462
scaling_factor_ll: [0.0038954993401925397, 0.0038566150533871388, 0.0038417087295862635, 0.00383252585966756, 0.0038480258832766317, 0.003346861582102738]