Loss: 0.2990053594112396
sparse_categorical_accuracy: 0.9143999814987183
training time: 404.24042105674744
scaling_factor_ll: [0.009127331530953955, 0.009611760537455402, 0.00697117715369998, 0.00932585066697729]