Loss: 0.36438775062561035
sparse_categorical_accuracy: 0.9718000292778015
training time: 959.5376138687134
scaling_factor_ll: [0.004012825920825868, 0.003965254843704344, 0.003907301529185978, 0.0036295077462834635]