Loss: 15670.8291015625
sparse_categorical_accuracy: 0.8996999859809875
training time: 1597.8556940555573
scaling_factor_ll: [0.1600478036063058, 0.16777975218636648, 0.16729707377297537, 0.17190890652792795, 0.16939221109662736, 0.11578288248607091]