Loss: 24.74568748474121
sparse_categorical_accuracy: 0.859499990940094
training time: 433.0493013858795
scaling_factor_ll: [0.22282241071973527, 0.08859586715698242, 0.18402605397360666, 0.22109011241367885, 0.11130306550434657, 0.21316841670445033]