Loss: 1.1125376224517822
sparse_categorical_accuracy: 0.9627000093460083
training time: 961.3462209701538
scaling_factor_ll: [0.019482822187485233, 0.018785993899068525, 0.020431249372420773, 0.016267313111212947]