Loss: 0.9437599778175354
sparse_categorical_accuracy: 0.9757000207901001
training time: 1195.6741139888763
scaling_factor_ll: [0.000954155935933212, 0.0009494962174365198, 0.0009383240208000587, 0.0008727022813024353]