Loss: 0.35238370299339294
sparse_categorical_accuracy: 0.9732000231742859
training time: 937.6763730049133
scaling_factor_ll: [0.0009611376694270543, 0.000988532535717212, 0.0009874118284236661, 0.0008481115744305217]