Loss: 0.1275891214609146
sparse_categorical_accuracy: 0.963699996471405
training time: 426.4508261680603
scaling_factor_ll: [0.0019507153860043639, 0.0014152994594461997, 0.0013354620121696457, 0.002004005437727777]