Loss: 0.31639254093170166
sparse_categorical_accuracy: 0.9528999924659729
training time: 535.8070051670074
scaling_factor_ll: [0.02459002310229886, 0.019947251965922695, 0.019960155410151326, 0.02563415611943891]