Loss: 0.20634165406227112
sparse_categorical_accuracy: 0.9703999757766724
training time: 605.255024433136
scaling_factor_ll: [0.001263778153697572, 0.0011331925420145232, 0.0010893765960887454, 0.0010648173828647562, 0.0010842128042605524, 0.0011091089995173325]