Loss: 0.1289675086736679
sparse_categorical_accuracy: 0.9645000100135803
training time: 462.4774887561798
scaling_factor_ll: [0.0071987547273710956, 0.004225650171595295, 0.005747779617159385, 0.005890930262137586, 0.006186596521242397, 0.005531035070344219]